; Format: (size ((spectral-class (("lower-bound of spectral-decimal" "upper bound of spectral decimal" "habitable zone orbit") ... ))))
(Ia 
 (A ((0 9 12)) F ((0 6 12) (7 9 11)) G ((0 1 11) (2 9 12)) K ((0 9 12)) M ((0 9 12)))
 Ib (A ((0 8 11) (9 9 12)) F ((0 9 10)) G ((0 9 10)) K ((0 9 10)) M ((0 3 10) (4 9 11)))
 II (A ((0 8 9) (9 9 8)) F ((0 9 8)) G ((0 9 8)) K ((0 3 8) (4 9 9)) M ((0 3 9) (4 8 10) (9 9 11)))
 III (A ((0 8 8) (9 9 7)) F ((0 1 7) (2 9 6)) G ((0 8 6) (9 9 7)) K ((0 8 7) (9 9 8)) M ((0 8 8) (9 9 9)))
 IV (A ((0 8 7) (9 9 6)) F ((0 6 6) (7 9 5)) G ((0 9 5)) K ((0 3 5)))
 V (A ((0 8 7) (9 9 6)) F ((0 1 6) (2 6 5) (7 9 4)) G ((0 1 4) (2 8 3) (9 9 2)) K ((0 8 2) (9 9 0)) M ((0 9 0)))
 VI (F ((2 9 3)) G ((0 1 3) (2 8 2) (9 9 1)) K ((0 3 1) (4 9 0)) M ((0 9 0))))

       

;; |      | A0- | A4- | A9- | F2- | F7- | G2- | G9- | K4- | K9- | M4- |    |
;; | Size |  A3 |  A8 |  F1 |  F6 |  G1 |  G8 |  K3 |  K8 |  M3 |  M8 | M9 |
;; |------+-----+-----+-----+-----+-----+-----+-----+-----+-----+-----+----|
;; | Ia   |  12 |  12 |  12 |  12 |  11 |  12 |  12 |  12 |  12 |  12 | 12 |
;; | Ib   |  11 |  11 |  10 |  10 |  10 |  10 |  10 |  10 |  10 |  11 | 11 |
;; | II   |   9 |   9 |   8 |   8 |   8 |   8 |   8 |   9 |   9 |  10 | 11 |
;; | III  |   8 |   8 |   7 |   6 |   6 |   6 |   7 |   7 |   8 |   8 |  9 |
;; | IV   |   7 |   7 |   6 |   6 |   5 |   5 |   5 |   - |   - |   - |  - |
;; | V    |   7 |   7 |   6 |   5 |   4 |   3 |   2 |   2 |   0 |   0 |  0 |
;; | VI   |   - |   - |   - |   3 |   3 |   2 |   1 |   0 |   0 |   0 |  0 |
;; | D    |   0 |   0 |   0 |   0 |   0 |   0 |   0 |   0 |   0 |   0 |  0 |

